Ergenisse Test: 

Das Netzt wird mit den Bildern von Pauline, fabian und mir trainiert (gefinetunet). Der Finetune hat 8 Epochen.
Im Anschlus werden dem Netzt jeweil 3 neue Bilder von Pauline, Fabian und mir präsentiert.

Die Ergebnisse werden in den nachfolgenden dfs präsentiert.

1 Finetune: 
            fabian_l   fabian_l   fabian_l      kai_m      kai_m      kai_m  pauline_w  pauline_w  pauline_w
fabian_l    0.000000   4.000978   8.200805   8.020315   4.749268  17.395550   8.380348  17.232649   6.745582
fabian_l    4.000978   0.000000   4.484904  11.990336   8.700825  21.349257  11.235755  19.266041   9.579452
fabian_l    8.200805   4.484904   0.000000  16.184801  12.942294  25.552044  15.693972  23.423336  14.046794
kai_m       8.020315  11.990336  16.184801   0.000000   3.294823   9.378613   6.258763  14.447877   6.045014
kai_m       4.749268   8.700825  12.942294   3.294823   0.000000  12.655878   5.733807  14.856577   4.665174
kai_m      17.395550  21.349257  25.552044   9.378613  12.655878   0.000000  12.762562  16.167133  13.660996
pauline_w   8.380348  11.235755  15.693972   6.258763   5.733807  12.762562   0.000000   9.188107   1.672639
pauline_w  17.232649  19.266041  23.423336  14.447877  14.856577  16.167133   9.188107   0.000000  10.626885
pauline_w   6.745582   9.579452  14.046794   6.045014   4.665174  13.660996   1.672639  10.626885   0.000000

2 Finetunes:
            fabian_l   fabian_l   fabian_l      kai_m      kai_m      kai_m  pauline_w  pauline_w  pauline_w
fabian_l    0.000000   5.642645   1.899802  20.874649  23.107100  25.364489  45.072239  30.942038  23.641768
fabian_l    5.642645   0.000000   4.263918  19.957785  20.150675  23.488232  39.442169  25.305061  18.274118
fabian_l    1.899802   4.263918   0.000000  19.382092  21.286678  23.706450  43.630886  29.390295  21.874327
kai_m      20.874649  19.957785  19.382092   0.000000   8.190444   5.633676  44.988739  31.090199  21.441446
kai_m      23.107100  20.150675  21.286678   8.190444   0.000000   5.628066  37.307468  23.940739  14.653281
kai_m      25.364489  23.488232  23.706450   5.633676   5.628066   0.000000  42.602360  29.495497  20.276083
pauline_w  45.072239  39.442169  43.630886  44.988739  37.307468  42.602360   0.000000  14.602855  24.039402
pauline_w  30.942038  25.305061  29.390295  31.090199  23.940739  29.495497  14.602855   0.000000   9.697497
pauline_w  23.641768  18.274118  21.874327  21.441446  14.653281  20.276083  24.039402   9.697497   0.000000

3 Finetunes:
            fabian_l   fabian_l   fabian_l      kai_m      kai_m      kai_m  pauline_w  pauline_w  pauline_w
fabian_l    0.000000   4.619243   4.512751  10.443479  16.012671  23.809006   5.120272   9.726202   9.102176
fabian_l    4.619243   0.000000   8.880186   5.839521  11.549250  19.196836   4.001609   5.736518   6.661347
fabian_l    4.512751   8.880186   0.000000  14.692688  20.414825  27.988354   9.463001  14.227132  13.465132
kai_m      10.443479   5.839521  14.692688   0.000000   5.939522  13.366762   7.702227   3.408429   6.993770
kai_m      16.012671  11.549250  20.414825   5.939522   0.000000   8.476871  12.218646   6.644017   9.604651
kai_m      23.809006  19.196836  27.988354  13.366762   8.476871   0.000000  20.536283  15.009086  18.076157
pauline_w   5.120272   4.001609   9.463001   7.702227  12.218646  20.536283   0.000000   5.575056   4.004100
pauline_w   9.726202   5.736518  14.227132   3.408429   6.644017  15.009086   5.575056   0.000000   3.674826
pauline_w   9.102176   6.661347  13.465132   6.993770   9.604651  18.076157   4.004100   3.674826   0.000000

4 Finetunes: 
            fabian_l   fabian_l   fabian_l      kai_m      kai_m      kai_m  pauline_w  pauline_w  pauline_w
fabian_l    0.000000   2.691097   3.055980   3.899915   7.116379   9.192657  11.198131  13.284506   1.101131
fabian_l    2.691097   0.000000   2.708572   5.567430   8.394369  10.737497   9.528936  11.708541   2.249549
fabian_l    3.055980   2.708572   0.000000   6.928664  10.098836  12.236902  12.197482  14.386218   3.565737
kai_m       3.899915   5.567430   6.928664   0.000000   3.251367   5.314759  10.386427  12.143620   3.505134
kai_m       7.116379   8.394369  10.098836   3.251367   0.000000   2.451909  10.199949  11.500176   6.584039
kai_m       9.192657  10.737497  12.236902   5.314759   2.451909   0.000000  12.148898  13.189245   8.799475
pauline_w  11.198131   9.528936  12.197482  10.386427  10.199949  12.148898   0.000000   2.198646  10.148992
pauline_w  13.284506  11.708541  14.386218  12.143620  11.500176  13.189245   2.198646   0.000000  12.228173
pauline_w   1.101131   2.249549   3.565737   3.505134   6.584039   8.799475  10.148992  12.228173   0.000000

5 Finetunes: 
            fabian_l   fabian_l   fabian_l      kai_m      kai_m      kai_m  pauline_w  pauline_w  pauline_w
fabian_l    0.000000  17.241659  18.910587  27.726173  32.807835  34.321903  30.429028  30.676535  32.882870
fabian_l   17.241659   0.000000   2.438071  44.932446  49.785137  50.738163  46.416477  46.279911  48.366436
fabian_l   18.910587   2.438071   0.000000  46.455826  51.127518  51.848900  48.496712  48.414822  50.520710
kai_m      27.726173  44.932446  46.455826   0.000000   6.507310  11.298532  16.228746  18.216902  19.674398
kai_m      32.807835  49.785137  51.127518   6.507310   0.000000   5.689202  21.540854  23.629293  24.765076
kai_m      34.321903  50.738163  51.848900  11.298532   5.689202   0.000000  27.028582  29.101181  30.322987
pauline_w  30.429028  46.416477  48.496712  16.228746  21.540854  27.028582   0.000000   2.119306   3.574546
pauline_w  30.676535  46.279911  48.414822  18.216902  23.629293  29.101181   2.119306   0.000000   2.246647
pauline_w  32.882870  48.366436  50.520710  19.674398  24.765076  30.322987   3.574546   2.246647   0.000000

6 Finetunes: 
            fabian_l   fabian_l   fabian_l      kai_m      kai_m      kai_m  pauline_w  pauline_w  pauline_w
fabian_l    0.000000   6.872221  12.125022  18.024904  25.194780  22.732882   2.070982  19.755566  19.104160
fabian_l    6.872221   0.000000  17.830835  12.754209  21.353615  18.945765   6.478080  13.128879  13.291975
fabian_l   12.125022  17.830835   0.000000  30.043589  37.255619  34.800022  11.494073  30.879715  30.945034
kai_m      18.024904  12.754209  30.043589   0.000000   9.542040   7.544747  18.588774   6.733674   2.238092
kai_m      25.194780  21.353615  37.255619   9.542040   0.000000   2.476792  26.280773  15.114218  10.673768
kai_m      22.732882  18.945765  34.800022   7.544747   2.476792   0.000000  23.817207  13.634130   9.002781
pauline_w   2.070982   6.478080  11.494073  18.588774  26.280773  23.817207   0.000000  19.603880  19.451345
pauline_w  19.755566  13.128879  30.879715   6.733674  15.114218  13.634130  19.603880   0.000000   4.714828
pauline_w  19.104160  13.291975  30.945034   2.238092  10.673768   9.002781  19.451345   4.714828   0.000000

7 Finetunes: 
            fabian_l   fabian_l   fabian_l      kai_m      kai_m      kai_m  pauline_w  pauline_w  pauline_w
fabian_l    0.000000   3.613868   4.274730   1.164864   7.894974  10.017086  20.821781  14.671815   7.262075	Dieses Bild wäre falsch erkannt worden
fabian_l    3.613868   0.000000   1.040582   4.751995  11.477292  13.558166  19.426561  13.740684   7.546422	Dieses Bild wäre richtig erkannt worden
fabian_l    4.274730   1.040582   0.000000   5.367151  11.996990  14.019302  18.463564  12.854150   7.003199	Dieses Bild wäre richtig erkannt worden
kai_m       1.164864   4.751995   5.367151   0.000000   6.782405   8.916060  21.173613  14.928089   7.318490	Dieses Bild wäre falsch erkannt worden
kai_m       7.894974  11.477292  11.996990   6.782405   0.000000   2.224634  24.748228  18.415163  11.051263	Dieses Bild wäre richtig erkannt worden
kai_m      10.017086  13.558166  14.019302   8.916060   2.224634   0.000000  25.645407  19.404783  12.399587	Dieses Bild wäre richtig erkannt worden
pauline_w  20.821781  19.426561  18.463564  21.173613  24.748228  25.645407   0.000000   6.379337  14.087336	Dieses Bild wäre richtig erkannt worden
pauline_w  14.671815  13.740684  12.854150  14.928089  18.415163  19.404783   6.379337   0.000000   7.733255	Dieses Bild wäre richtig erkannt worden
pauline_w   7.262075   7.546422   7.003199   7.318490  11.051263  12.399587  14.087336   7.733255   0.000000	Dieses Bild wäre falsch erkannt worden




_____________________________________Performance without Finetune____________________________________________


           fabian_l  fabian_l  fabian_l     kai_m     kai_m     kai_m  pauline_w  pauline_w  pauline_w
fabian_l   0.000000  0.811565  0.781553  1.312148  0.999270  1.085475   1.443629   1.418554   1.494055	Dieses Bild wäre richtig erkannt worden
fabian_l   0.811565  0.000000  0.605359  1.344247  1.218371  1.192273   1.527521   1.602770   1.542783	Dieses Bild wäre richtig erkannt worden
fabian_l   0.781553  0.605359  0.000000  1.380804  1.133968  1.193454   1.440041   1.563175   1.531453	Dieses Bild wäre richtig erkannt worden
kai_m      1.312148  1.344247  1.380804  0.000000  1.370055  1.356999   1.381687   1.334818   1.357377	Dieses Bild wäre falsch erkannt worden
kai_m      0.999270  1.218371  1.133968  1.370055  0.000000  0.915742   1.508450   1.470115   1.544825	Dieses Bild wäre richtig erkannt worden
kai_m      1.085475  1.192273  1.193454  1.356999  0.915742  0.000000   1.414594   1.456236   1.498741	Dieses Bild wäre richtig erkannt worden
pauline_w  1.443629  1.527521  1.440041  1.381687  1.508450  1.414594   0.000000   0.694562   1.048061	Dieses Bild wäre richtig erkannt worden
pauline_w  1.418554  1.602770  1.563175  1.334818  1.470115  1.456236   0.694562   0.000000   0.916535	Dieses Bild wäre richtig erkannt worden
pauline_w  1.494055  1.542783  1.531453  1.357377  1.544825  1.498741   1.048061   0.916535   0.000000	Dieses Bild wäre richtig erkannt worden